+---------------------------------------------------------------------------------------------------------------------------------------------------------------------------------------------------------------------------------------------------------------------------------------------------------------------------------------+
; Legal Partition Candidates                                                                                                                                                                                                                                                                                                            ;
+----------------------------------------------------------------------------------------------------------------------------------+-------+----------------+--------------+----------------+--------+-----------------+---------------+-----------------+-------+----------------+--------------+------------------+-------------------+
; Hierarchy                                                                                                                        ; Input ; Constant Input ; Unused Input ; Floating Input ; Output ; Constant Output ; Unused Output ; Floating Output ; Bidir ; Constant Bidir ; Unused Bidir ; Input only Bidir ; Output only Bidir ;
+----------------------------------------------------------------------------------------------------------------------------------+-------+----------------+--------------+----------------+--------+-----------------+---------------+-----------------+-------+----------------+--------------+------------------+-------------------+
; u0|irq_mapper                                                                                                                    ; 11    ; 23             ; 2            ; 23             ; 32     ; 23              ; 23            ; 23              ; 0     ; 0              ; 0            ; 0                ; 0                 ;
; u0|width_adapter_005|uncompressor                                                                                                ; 41    ; 4              ; 0            ; 4              ; 32     ; 4               ; 4             ; 4               ; 0     ; 0              ; 0            ; 0                ; 0                 ;
; u0|width_adapter_005                                                                                                             ; 113   ; 3              ; 0            ; 3              ; 126    ; 3               ; 3             ; 3               ; 0     ; 0              ; 0            ; 0                ; 0                 ;
; u0|width_adapter_004                                                                                                             ; 131   ; 3              ; 0            ; 3              ; 108    ; 3               ; 3             ; 3               ; 0     ; 0              ; 0            ; 0                ; 0                 ;
; u0|width_adapter_003|uncompressor                                                                                                ; 41    ; 4              ; 0            ; 4              ; 32     ; 4               ; 4             ; 4               ; 0     ; 0              ; 0            ; 0                ; 0                 ;
; u0|width_adapter_003                                                                                                             ; 104   ; 3              ; 0            ; 3              ; 126    ; 3               ; 3             ; 3               ; 0     ; 0              ; 0            ; 0                ; 0                 ;
; u0|width_adapter_002                                                                                                             ; 131   ; 3              ; 0            ; 3              ; 99     ; 3               ; 3             ; 3               ; 0     ; 0              ; 0            ; 0                ; 0                 ;
; u0|width_adapter_001|uncompressor                                                                                                ; 41    ; 4              ; 0            ; 4              ; 32     ; 4               ; 4             ; 4               ; 0     ; 0              ; 0            ; 0                ; 0                 ;
; u0|width_adapter_001                                                                                                             ; 113   ; 3              ; 0            ; 3              ; 126    ; 3               ; 3             ; 3               ; 0     ; 0              ; 0            ; 0                ; 0                 ;
; u0|width_adapter                                                                                                                 ; 131   ; 3              ; 0            ; 3              ; 108    ; 3               ; 3             ; 3               ; 0     ; 0              ; 0            ; 0                ; 0                 ;
; u0|rsp_xbar_mux_001|arb|adder                                                                                                    ; 80    ; 40             ; 0            ; 40             ; 40     ; 40              ; 40            ; 40              ; 0     ; 0              ; 0            ; 0                ; 0                 ;
; u0|rsp_xbar_mux_001|arb                                                                                                          ; 24    ; 0              ; 4            ; 0              ; 20     ; 0               ; 0             ; 0               ; 0     ; 0              ; 0            ; 0                ; 0                 ;
; u0|rsp_xbar_mux_001                                                                                                              ; 2503  ; 0              ; 0            ; 0              ; 145    ; 0               ; 0             ; 0               ; 0     ; 0              ; 0            ; 0                ; 0                 ;
; u0|rsp_xbar_mux|arb|adder                                                                                                        ; 24    ; 12             ; 0            ; 12             ; 12     ; 12              ; 12            ; 12              ; 0     ; 0              ; 0            ; 0                ; 0                 ;
; u0|rsp_xbar_mux|arb                                                                                                              ; 10    ; 0              ; 4            ; 0              ; 6      ; 0               ; 0             ; 0               ; 0     ; 0              ; 0            ; 0                ; 0                 ;
; u0|rsp_xbar_mux                                                                                                                  ; 753   ; 0              ; 0            ; 0              ; 131    ; 0               ; 0             ; 0               ; 0     ; 0              ; 0            ; 0                ; 0                 ;
; u0|rsp_xbar_demux_019                                                                                                            ; 128   ; 1              ; 2            ; 1              ; 126    ; 1               ; 1             ; 1               ; 0     ; 0              ; 0            ; 0                ; 0                 ;
; u0|rsp_xbar_demux_018                                                                                                            ; 128   ; 1              ; 2            ; 1              ; 126    ; 1               ; 1             ; 1               ; 0     ; 0              ; 0            ; 0                ; 0                 ;
; u0|rsp_xbar_demux_017                                                                                                            ; 128   ; 1              ; 2            ; 1              ; 126    ; 1               ; 1             ; 1               ; 0     ; 0              ; 0            ; 0                ; 0                 ;
; u0|rsp_xbar_demux_016                                                                                                            ; 128   ; 1              ; 2            ; 1              ; 126    ; 1               ; 1             ; 1               ; 0     ; 0              ; 0            ; 0                ; 0                 ;
; u0|rsp_xbar_demux_015                                                                                                            ; 128   ; 1              ; 2            ; 1              ; 126    ; 1               ; 1             ; 1               ; 0     ; 0              ; 0            ; 0                ; 0                 ;
; u0|rsp_xbar_demux_014                                                                                                            ; 128   ; 1              ; 2            ; 1              ; 126    ; 1               ; 1             ; 1               ; 0     ; 0              ; 0            ; 0                ; 0                 ;
; u0|rsp_xbar_demux_013                                                                                                            ; 128   ; 1              ; 2            ; 1              ; 126    ; 1               ; 1             ; 1               ; 0     ; 0              ; 0            ; 0                ; 0                 ;
; u0|rsp_xbar_demux_012                                                                                                            ; 128   ; 1              ; 2            ; 1              ; 126    ; 1               ; 1             ; 1               ; 0     ; 0              ; 0            ; 0                ; 0                 ;
; u0|rsp_xbar_demux_011                                                                                                            ; 128   ; 1              ; 2            ; 1              ; 126    ; 1               ; 1             ; 1               ; 0     ; 0              ; 0            ; 0                ; 0                 ;
; u0|rsp_xbar_demux_010                                                                                                            ; 128   ; 1              ; 2            ; 1              ; 126    ; 1               ; 1             ; 1               ; 0     ; 0              ; 0            ; 0                ; 0                 ;
; u0|rsp_xbar_demux_009                                                                                                            ; 128   ; 1              ; 2            ; 1              ; 126    ; 1               ; 1             ; 1               ; 0     ; 0              ; 0            ; 0                ; 0                 ;
; u0|rsp_xbar_demux_008                                                                                                            ; 128   ; 1              ; 2            ; 1              ; 126    ; 1               ; 1             ; 1               ; 0     ; 0              ; 0            ; 0                ; 0                 ;
; u0|rsp_xbar_demux_007                                                                                                            ; 128   ; 1              ; 2            ; 1              ; 126    ; 1               ; 1             ; 1               ; 0     ; 0              ; 0            ; 0                ; 0                 ;
; u0|rsp_xbar_demux_006                                                                                                            ; 128   ; 1              ; 2            ; 1              ; 126    ; 1               ; 1             ; 1               ; 0     ; 0              ; 0            ; 0                ; 0                 ;
; u0|rsp_xbar_demux_005                                                                                                            ; 129   ; 4              ; 2            ; 4              ; 251    ; 4               ; 4             ; 4               ; 0     ; 0              ; 0            ; 0                ; 0                 ;
; u0|rsp_xbar_demux_004                                                                                                            ; 129   ; 4              ; 2            ; 4              ; 251    ; 4               ; 4             ; 4               ; 0     ; 0              ; 0            ; 0                ; 0                 ;
; u0|rsp_xbar_demux_003                                                                                                            ; 129   ; 4              ; 2            ; 4              ; 251    ; 4               ; 4             ; 4               ; 0     ; 0              ; 0            ; 0                ; 0                 ;
; u0|rsp_xbar_demux_002                                                                                                            ; 129   ; 4              ; 2            ; 4              ; 251    ; 4               ; 4             ; 4               ; 0     ; 0              ; 0            ; 0                ; 0                 ;
; u0|rsp_xbar_demux_001                                                                                                            ; 129   ; 4              ; 2            ; 4              ; 251    ; 4               ; 4             ; 4               ; 0     ; 0              ; 0            ; 0                ; 0                 ;
; u0|rsp_xbar_demux                                                                                                                ; 129   ; 4              ; 2            ; 4              ; 251    ; 4               ; 4             ; 4               ; 0     ; 0              ; 0            ; 0                ; 0                 ;
; u0|cmd_xbar_mux_005|arb|adder                                                                                                    ; 8     ; 2              ; 0            ; 2              ; 4      ; 2               ; 2             ; 2               ; 0     ; 0              ; 0            ; 0                ; 0                 ;
; u0|cmd_xbar_mux_005|arb                                                                                                          ; 6     ; 0              ; 0            ; 0              ; 2      ; 0               ; 0             ; 0               ; 0     ; 0              ; 0            ; 0                ; 0                 ;
; u0|cmd_xbar_mux_005                                                                                                              ; 253   ; 0              ; 0            ; 0              ; 127    ; 0               ; 0             ; 0               ; 0     ; 0              ; 0            ; 0                ; 0                 ;
; u0|cmd_xbar_mux_004|arb|adder                                                                                                    ; 8     ; 2              ; 0            ; 2              ; 4      ; 2               ; 2             ; 2               ; 0     ; 0              ; 0            ; 0                ; 0                 ;
; u0|cmd_xbar_mux_004|arb                                                                                                          ; 6     ; 0              ; 0            ; 0              ; 2      ; 0               ; 0             ; 0               ; 0     ; 0              ; 0            ; 0                ; 0                 ;
; u0|cmd_xbar_mux_004                                                                                                              ; 253   ; 0              ; 0            ; 0              ; 127    ; 0               ; 0             ; 0               ; 0     ; 0              ; 0            ; 0                ; 0                 ;
; u0|cmd_xbar_mux_003|arb|adder                                                                                                    ; 8     ; 2              ; 0            ; 2              ; 4      ; 2               ; 2             ; 2               ; 0     ; 0              ; 0            ; 0                ; 0                 ;
; u0|cmd_xbar_mux_003|arb                                                                                                          ; 6     ; 0              ; 0            ; 0              ; 2      ; 0               ; 0             ; 0               ; 0     ; 0              ; 0            ; 0                ; 0                 ;
; u0|cmd_xbar_mux_003                                                                                                              ; 253   ; 0              ; 0            ; 0              ; 127    ; 0               ; 0             ; 0               ; 0     ; 0              ; 0            ; 0                ; 0                 ;
; u0|cmd_xbar_mux_002|arb|adder                                                                                                    ; 8     ; 2              ; 0            ; 2              ; 4      ; 2               ; 2             ; 2               ; 0     ; 0              ; 0            ; 0                ; 0                 ;
; u0|cmd_xbar_mux_002|arb                                                                                                          ; 6     ; 0              ; 0            ; 0              ; 2      ; 0               ; 0             ; 0               ; 0     ; 0              ; 0            ; 0                ; 0                 ;
; u0|cmd_xbar_mux_002                                                                                                              ; 253   ; 0              ; 0            ; 0              ; 127    ; 0               ; 0             ; 0               ; 0     ; 0              ; 0            ; 0                ; 0                 ;
; u0|cmd_xbar_mux_001|arb|adder                                                                                                    ; 8     ; 2              ; 0            ; 2              ; 4      ; 2               ; 2             ; 2               ; 0     ; 0              ; 0            ; 0                ; 0                 ;
; u0|cmd_xbar_mux_001|arb                                                                                                          ; 6     ; 0              ; 0            ; 0              ; 2      ; 0               ; 0             ; 0               ; 0     ; 0              ; 0            ; 0                ; 0                 ;
; u0|cmd_xbar_mux_001                                                                                                              ; 253   ; 0              ; 0            ; 0              ; 127    ; 0               ; 0             ; 0               ; 0     ; 0              ; 0            ; 0                ; 0                 ;
; u0|cmd_xbar_mux|arb|adder                                                                                                        ; 8     ; 2              ; 0            ; 2              ; 4      ; 2               ; 2             ; 2               ; 0     ; 0              ; 0            ; 0                ; 0                 ;
; u0|cmd_xbar_mux|arb                                                                                                              ; 6     ; 0              ; 0            ; 0              ; 2      ; 0               ; 0             ; 0               ; 0     ; 0              ; 0            ; 0                ; 0                 ;
; u0|cmd_xbar_mux                                                                                                                  ; 253   ; 0              ; 0            ; 0              ; 127    ; 0               ; 0             ; 0               ; 0     ; 0              ; 0            ; 0                ; 0                 ;
; u0|cmd_xbar_demux_001                                                                                                            ; 147   ; 400            ; 2            ; 400            ; 2501   ; 400             ; 400           ; 400             ; 0     ; 0              ; 0            ; 0                ; 0                 ;
; u0|cmd_xbar_demux                                                                                                                ; 133   ; 36             ; 2            ; 36             ; 751    ; 36              ; 36            ; 36              ; 0     ; 0              ; 0            ; 0                ; 0                 ;
; u0|rst_controller_002|alt_rst_sync_uq1                                                                                           ; 2     ; 0              ; 0            ; 0              ; 1      ; 0               ; 0             ; 0               ; 0     ; 0              ; 0            ; 0                ; 0                 ;
; u0|rst_controller_002                                                                                                            ; 17    ; 15             ; 0            ; 15             ; 1      ; 15              ; 15            ; 15              ; 0     ; 0              ; 0            ; 0                ; 0                 ;
; u0|rst_controller_001|alt_rst_sync_uq1                                                                                           ; 2     ; 0              ; 0            ; 0              ; 1      ; 0               ; 0             ; 0               ; 0     ; 0              ; 0            ; 0                ; 0                 ;
; u0|rst_controller_001                                                                                                            ; 17    ; 14             ; 0            ; 14             ; 1      ; 14              ; 14            ; 14              ; 0     ; 0              ; 0            ; 0                ; 0                 ;
; u0|rst_controller                                                                                                                ; 16    ; 14             ; 0            ; 14             ; 0      ; 14              ; 14            ; 14              ; 0     ; 0              ; 0            ; 0                ; 0                 ;
; u0|burst_adapter_002|altera_merlin_burst_adapter_uncompressed_only.the_ba                                                        ; 110   ; 3              ; 5            ; 3              ; 108    ; 3               ; 3             ; 3               ; 0     ; 0              ; 0            ; 0                ; 0                 ;
; u0|burst_adapter_002                                                                                                             ; 110   ; 0              ; 0            ; 0              ; 108    ; 0               ; 0             ; 0               ; 0     ; 0              ; 0            ; 0                ; 0                 ;
; u0|burst_adapter_001|altera_merlin_burst_adapter_uncompressed_only.the_ba                                                        ; 101   ; 3              ; 5            ; 3              ; 99     ; 3               ; 3             ; 3               ; 0     ; 0              ; 0            ; 0                ; 0                 ;
; u0|burst_adapter_001                                                                                                             ; 101   ; 0              ; 0            ; 0              ; 99     ; 0               ; 0             ; 0               ; 0     ; 0              ; 0            ; 0                ; 0                 ;
; u0|burst_adapter|altera_merlin_burst_adapter_uncompressed_only.the_ba                                                            ; 110   ; 3              ; 5            ; 3              ; 108    ; 3               ; 3             ; 3               ; 0     ; 0              ; 0            ; 0                ; 0                 ;
; u0|burst_adapter                                                                                                                 ; 110   ; 0              ; 0            ; 0              ; 108    ; 0               ; 0             ; 0               ; 0     ; 0              ; 0            ; 0                ; 0                 ;
; u0|id_router_019|the_default_decode                                                                                              ; 0     ; 25             ; 0            ; 25             ; 25     ; 25              ; 25            ; 25              ; 0     ; 0              ; 0            ; 0                ; 0                 ;
; u0|id_router_019                                                                                                                 ; 108   ; 0              ; 2            ; 0              ; 126    ; 0               ; 0             ; 0               ; 0     ; 0              ; 0            ; 0                ; 0                 ;
; u0|id_router_018|the_default_decode                                                                                              ; 0     ; 25             ; 0            ; 25             ; 25     ; 25              ; 25            ; 25              ; 0     ; 0              ; 0            ; 0                ; 0                 ;
; u0|id_router_018                                                                                                                 ; 108   ; 0              ; 2            ; 0              ; 126    ; 0               ; 0             ; 0               ; 0     ; 0              ; 0            ; 0                ; 0                 ;
; u0|id_router_017|the_default_decode                                                                                              ; 0     ; 25             ; 0            ; 25             ; 25     ; 25              ; 25            ; 25              ; 0     ; 0              ; 0            ; 0                ; 0                 ;
; u0|id_router_017                                                                                                                 ; 108   ; 0              ; 2            ; 0              ; 126    ; 0               ; 0             ; 0               ; 0     ; 0              ; 0            ; 0                ; 0                 ;
; u0|id_router_016|the_default_decode                                                                                              ; 0     ; 25             ; 0            ; 25             ; 25     ; 25              ; 25            ; 25              ; 0     ; 0              ; 0            ; 0                ; 0                 ;
; u0|id_router_016                                                                                                                 ; 108   ; 0              ; 2            ; 0              ; 126    ; 0               ; 0             ; 0               ; 0     ; 0              ; 0            ; 0                ; 0                 ;
; u0|id_router_015|the_default_decode                                                                                              ; 0     ; 25             ; 0            ; 25             ; 25     ; 25              ; 25            ; 25              ; 0     ; 0              ; 0            ; 0                ; 0                 ;
; u0|id_router_015                                                                                                                 ; 108   ; 0              ; 2            ; 0              ; 126    ; 0               ; 0             ; 0               ; 0     ; 0              ; 0            ; 0                ; 0                 ;
; u0|id_router_014|the_default_decode                                                                                              ; 0     ; 25             ; 0            ; 25             ; 25     ; 25              ; 25            ; 25              ; 0     ; 0              ; 0            ; 0                ; 0                 ;
; u0|id_router_014                                                                                                                 ; 108   ; 0              ; 2            ; 0              ; 126    ; 0               ; 0             ; 0               ; 0     ; 0              ; 0            ; 0                ; 0                 ;
; u0|id_router_013|the_default_decode                                                                                              ; 0     ; 25             ; 0            ; 25             ; 25     ; 25              ; 25            ; 25              ; 0     ; 0              ; 0            ; 0                ; 0                 ;
; u0|id_router_013                                                                                                                 ; 108   ; 0              ; 2            ; 0              ; 126    ; 0               ; 0             ; 0               ; 0     ; 0              ; 0            ; 0                ; 0                 ;
; u0|id_router_012|the_default_decode                                                                                              ; 0     ; 25             ; 0            ; 25             ; 25     ; 25              ; 25            ; 25              ; 0     ; 0              ; 0            ; 0                ; 0                 ;
; u0|id_router_012                                                                                                                 ; 108   ; 0              ; 2            ; 0              ; 126    ; 0               ; 0             ; 0               ; 0     ; 0              ; 0            ; 0                ; 0                 ;
; u0|id_router_011|the_default_decode                                                                                              ; 0     ; 25             ; 0            ; 25             ; 25     ; 25              ; 25            ; 25              ; 0     ; 0              ; 0            ; 0                ; 0                 ;
; u0|id_router_011                                                                                                                 ; 108   ; 0              ; 2            ; 0              ; 126    ; 0               ; 0             ; 0               ; 0     ; 0              ; 0            ; 0                ; 0                 ;
; u0|id_router_010|the_default_decode                                                                                              ; 0     ; 25             ; 0            ; 25             ; 25     ; 25              ; 25            ; 25              ; 0     ; 0              ; 0            ; 0                ; 0                 ;
; u0|id_router_010                                                                                                                 ; 108   ; 0              ; 2            ; 0              ; 126    ; 0               ; 0             ; 0               ; 0     ; 0              ; 0            ; 0                ; 0                 ;
; u0|id_router_009|the_default_decode                                                                                              ; 0     ; 25             ; 0            ; 25             ; 25     ; 25              ; 25            ; 25              ; 0     ; 0              ; 0            ; 0                ; 0                 ;
; u0|id_router_009                                                                                                                 ; 108   ; 0              ; 2            ; 0              ; 126    ; 0               ; 0             ; 0               ; 0     ; 0              ; 0            ; 0                ; 0                 ;
; u0|id_router_008|the_default_decode                                                                                              ; 0     ; 25             ; 0            ; 25             ; 25     ; 25              ; 25            ; 25              ; 0     ; 0              ; 0            ; 0                ; 0                 ;
; u0|id_router_008                                                                                                                 ; 108   ; 0              ; 2            ; 0              ; 126    ; 0               ; 0             ; 0               ; 0     ; 0              ; 0            ; 0                ; 0                 ;
; u0|id_router_007|the_default_decode                                                                                              ; 0     ; 25             ; 0            ; 25             ; 25     ; 25              ; 25            ; 25              ; 0     ; 0              ; 0            ; 0                ; 0                 ;
; u0|id_router_007                                                                                                                 ; 108   ; 0              ; 2            ; 0              ; 126    ; 0               ; 0             ; 0               ; 0     ; 0              ; 0            ; 0                ; 0                 ;
; u0|id_router_006|the_default_decode                                                                                              ; 0     ; 25             ; 0            ; 25             ; 25     ; 25              ; 25            ; 25              ; 0     ; 0              ; 0            ; 0                ; 0                 ;
; u0|id_router_006                                                                                                                 ; 108   ; 0              ; 2            ; 0              ; 126    ; 0               ; 0             ; 0               ; 0     ; 0              ; 0            ; 0                ; 0                 ;
; u0|id_router_005|the_default_decode                                                                                              ; 0     ; 25             ; 0            ; 25             ; 25     ; 25              ; 25            ; 25              ; 0     ; 0              ; 0            ; 0                ; 0                 ;
; u0|id_router_005                                                                                                                 ; 90    ; 0              ; 2            ; 0              ; 108    ; 0               ; 0             ; 0               ; 0     ; 0              ; 0            ; 0                ; 0                 ;
; u0|id_router_004|the_default_decode                                                                                              ; 0     ; 25             ; 0            ; 25             ; 25     ; 25              ; 25            ; 25              ; 0     ; 0              ; 0            ; 0                ; 0                 ;
; u0|id_router_004                                                                                                                 ; 108   ; 0              ; 2            ; 0              ; 126    ; 0               ; 0             ; 0               ; 0     ; 0              ; 0            ; 0                ; 0                 ;
; u0|id_router_003|the_default_decode                                                                                              ; 0     ; 25             ; 0            ; 25             ; 25     ; 25              ; 25            ; 25              ; 0     ; 0              ; 0            ; 0                ; 0                 ;
; u0|id_router_003                                                                                                                 ; 81    ; 0              ; 2            ; 0              ; 99     ; 0               ; 0             ; 0               ; 0     ; 0              ; 0            ; 0                ; 0                 ;
; u0|id_router_002|the_default_decode                                                                                              ; 0     ; 25             ; 0            ; 25             ; 25     ; 25              ; 25            ; 25              ; 0     ; 0              ; 0            ; 0                ; 0                 ;
; u0|id_router_002                                                                                                                 ; 108   ; 0              ; 2            ; 0              ; 126    ; 0               ; 0             ; 0               ; 0     ; 0              ; 0            ; 0                ; 0                 ;
; u0|id_router_001|the_default_decode                                                                                              ; 0     ; 25             ; 0            ; 25             ; 25     ; 25              ; 25            ; 25              ; 0     ; 0              ; 0            ; 0                ; 0                 ;
; u0|id_router_001                                                                                                                 ; 90    ; 0              ; 2            ; 0              ; 108    ; 0               ; 0             ; 0               ; 0     ; 0              ; 0            ; 0                ; 0                 ;
; u0|id_router|the_default_decode                                                                                                  ; 0     ; 25             ; 0            ; 25             ; 25     ; 25              ; 25            ; 25              ; 0     ; 0              ; 0            ; 0                ; 0                 ;
; u0|id_router                                                                                                                     ; 108   ; 0              ; 2            ; 0              ; 126    ; 0               ; 0             ; 0               ; 0     ; 0              ; 0            ; 0                ; 0                 ;
; u0|addr_router_001|the_default_decode                                                                                            ; 0     ; 25             ; 0            ; 25             ; 25     ; 25              ; 25            ; 25              ; 0     ; 0              ; 0            ; 0                ; 0                 ;
; u0|addr_router_001                                                                                                               ; 108   ; 0              ; 7            ; 0              ; 126    ; 0               ; 0             ; 0               ; 0     ; 0              ; 0            ; 0                ; 0                 ;
; u0|addr_router|the_default_decode                                                                                                ; 0     ; 25             ; 0            ; 25             ; 25     ; 25              ; 25            ; 25              ; 0     ; 0              ; 0            ; 0                ; 0                 ;
; u0|addr_router                                                                                                                   ; 108   ; 0              ; 7            ; 0              ; 126    ; 0               ; 0             ; 0               ; 0     ; 0              ; 0            ; 0                ; 0                 ;
; u0|cnc_module_0_avalon_slave_0_translator_avalon_universal_slave_0_agent_rsp_fifo                                                ; 148   ; 39             ; 0            ; 39             ; 107    ; 39              ; 39            ; 39              ; 0     ; 0              ; 0            ; 0                ; 0                 ;
; u0|cnc_module_0_avalon_slave_0_translator_avalon_universal_slave_0_agent|uncompressor                                            ; 41    ; 1              ; 0            ; 1              ; 39     ; 1               ; 1             ; 1               ; 0     ; 0              ; 0            ; 0                ; 0                 ;
; u0|cnc_module_0_avalon_slave_0_translator_avalon_universal_slave_0_agent                                                         ; 308   ; 39             ; 57           ; 39             ; 317    ; 39              ; 39            ; 39              ; 0     ; 0              ; 0            ; 0                ; 0                 ;
; u0|seg7_display_avalon_slave_0_translator_avalon_universal_slave_0_agent_rsp_fifo                                                ; 148   ; 39             ; 0            ; 39             ; 107    ; 39              ; 39            ; 39              ; 0     ; 0              ; 0            ; 0                ; 0                 ;
; u0|seg7_display_avalon_slave_0_translator_avalon_universal_slave_0_agent|uncompressor                                            ; 41    ; 1              ; 0            ; 1              ; 39     ; 1               ; 1             ; 1               ; 0     ; 0              ; 0            ; 0                ; 0                 ;
; u0|seg7_display_avalon_slave_0_translator_avalon_universal_slave_0_agent                                                         ; 308   ; 39             ; 57           ; 39             ; 317    ; 39              ; 39            ; 39              ; 0     ; 0              ; 0            ; 0                ; 0                 ;
; u0|dm9000a_avalon_slave_0_translator_avalon_universal_slave_0_agent_rsp_fifo                                                     ; 148   ; 39             ; 0            ; 39             ; 107    ; 39              ; 39            ; 39              ; 0     ; 0              ; 0            ; 0                ; 0                 ;
; u0|dm9000a_avalon_slave_0_translator_avalon_universal_slave_0_agent|uncompressor                                                 ; 41    ; 1              ; 0            ; 1              ; 39     ; 1               ; 1             ; 1               ; 0     ; 0              ; 0            ; 0                ; 0                 ;
; u0|dm9000a_avalon_slave_0_translator_avalon_universal_slave_0_agent                                                              ; 308   ; 39             ; 57           ; 39             ; 317    ; 39              ; 39            ; 39              ; 0     ; 0              ; 0            ; 0                ; 0                 ;
; u0|isp1362_dc_translator_avalon_universal_slave_0_agent_rsp_fifo                                                                 ; 148   ; 39             ; 0            ; 39             ; 107    ; 39              ; 39            ; 39              ; 0     ; 0              ; 0            ; 0                ; 0                 ;
; u0|isp1362_dc_translator_avalon_universal_slave_0_agent|uncompressor                                                             ; 41    ; 1              ; 0            ; 1              ; 39     ; 1               ; 1             ; 1               ; 0     ; 0              ; 0            ; 0                ; 0                 ;
; u0|isp1362_dc_translator_avalon_universal_slave_0_agent                                                                          ; 308   ; 39             ; 57           ; 39             ; 317    ; 39              ; 39            ; 39              ; 0     ; 0              ; 0            ; 0                ; 0                 ;
; u0|isp1362_hc_translator_avalon_universal_slave_0_agent_rsp_fifo                                                                 ; 148   ; 39             ; 0            ; 39             ; 107    ; 39              ; 39            ; 39              ; 0     ; 0              ; 0            ; 0                ; 0                 ;
; u0|isp1362_hc_translator_avalon_universal_slave_0_agent|uncompressor                                                             ; 41    ; 1              ; 0            ; 1              ; 39     ; 1               ; 1             ; 1               ; 0     ; 0              ; 0            ; 0                ; 0                 ;
; u0|isp1362_hc_translator_avalon_universal_slave_0_agent                                                                          ; 308   ; 39             ; 57           ; 39             ; 317    ; 39              ; 39            ; 39              ; 0     ; 0              ; 0            ; 0                ; 0                 ;
; u0|switch_pio_s1_translator_avalon_universal_slave_0_agent_rsp_fifo                                                              ; 148   ; 39             ; 0            ; 39             ; 107    ; 39              ; 39            ; 39              ; 0     ; 0              ; 0            ; 0                ; 0                 ;
; u0|switch_pio_s1_translator_avalon_universal_slave_0_agent|uncompressor                                                          ; 41    ; 1              ; 0            ; 1              ; 39     ; 1               ; 1             ; 1               ; 0     ; 0              ; 0            ; 0                ; 0                 ;
; u0|switch_pio_s1_translator_avalon_universal_slave_0_agent                                                                       ; 308   ; 39             ; 57           ; 39             ; 317    ; 39              ; 39            ; 39              ; 0     ; 0              ; 0            ; 0                ; 0                 ;
; u0|button_pio_s1_translator_avalon_universal_slave_0_agent_rsp_fifo                                                              ; 148   ; 39             ; 0            ; 39             ; 107    ; 39              ; 39            ; 39              ; 0     ; 0              ; 0            ; 0                ; 0                 ;
; u0|button_pio_s1_translator_avalon_universal_slave_0_agent|uncompressor                                                          ; 41    ; 1              ; 0            ; 1              ; 39     ; 1               ; 1             ; 1               ; 0     ; 0              ; 0            ; 0                ; 0                 ;
; u0|button_pio_s1_translator_avalon_universal_slave_0_agent                                                                       ; 308   ; 39             ; 57           ; 39             ; 317    ; 39              ; 39            ; 39              ; 0     ; 0              ; 0            ; 0                ; 0                 ;
; u0|led_green_s1_translator_avalon_universal_slave_0_agent_rsp_fifo                                                               ; 148   ; 39             ; 0            ; 39             ; 107    ; 39              ; 39            ; 39              ; 0     ; 0              ; 0            ; 0                ; 0                 ;
; u0|led_green_s1_translator_avalon_universal_slave_0_agent|uncompressor                                                           ; 41    ; 1              ; 0            ; 1              ; 39     ; 1               ; 1             ; 1               ; 0     ; 0              ; 0            ; 0                ; 0                 ;
; u0|led_green_s1_translator_avalon_universal_slave_0_agent                                                                        ; 308   ; 39             ; 57           ; 39             ; 317    ; 39              ; 39            ; 39              ; 0     ; 0              ; 0            ; 0                ; 0                 ;
; u0|led_red_s1_translator_avalon_universal_slave_0_agent_rsp_fifo                                                                 ; 148   ; 39             ; 0            ; 39             ; 107    ; 39              ; 39            ; 39              ; 0     ; 0              ; 0            ; 0                ; 0                 ;
; u0|led_red_s1_translator_avalon_universal_slave_0_agent|uncompressor                                                             ; 41    ; 1              ; 0            ; 1              ; 39     ; 1               ; 1             ; 1               ; 0     ; 0              ; 0            ; 0                ; 0                 ;
; u0|led_red_s1_translator_avalon_universal_slave_0_agent                                                                          ; 308   ; 39             ; 57           ; 39             ; 317    ; 39              ; 39            ; 39              ; 0     ; 0              ; 0            ; 0                ; 0                 ;
; u0|lcd_16207_0_control_slave_translator_avalon_universal_slave_0_agent_rsp_fifo                                                  ; 148   ; 39             ; 0            ; 39             ; 107    ; 39              ; 39            ; 39              ; 0     ; 0              ; 0            ; 0                ; 0                 ;
; u0|lcd_16207_0_control_slave_translator_avalon_universal_slave_0_agent|uncompressor                                              ; 41    ; 1              ; 0            ; 1              ; 39     ; 1               ; 1             ; 1               ; 0     ; 0              ; 0            ; 0                ; 0                 ;
; u0|lcd_16207_0_control_slave_translator_avalon_universal_slave_0_agent                                                           ; 308   ; 39             ; 57           ; 39             ; 317    ; 39              ; 39            ; 39              ; 0     ; 0              ; 0            ; 0                ; 0                 ;
; u0|timer_1_s1_translator_avalon_universal_slave_0_agent_rsp_fifo                                                                 ; 148   ; 39             ; 0            ; 39             ; 107    ; 39              ; 39            ; 39              ; 0     ; 0              ; 0            ; 0                ; 0                 ;
; u0|timer_1_s1_translator_avalon_universal_slave_0_agent|uncompressor                                                             ; 41    ; 1              ; 0            ; 1              ; 39     ; 1               ; 1             ; 1               ; 0     ; 0              ; 0            ; 0                ; 0                 ;
; u0|timer_1_s1_translator_avalon_universal_slave_0_agent                                                                          ; 308   ; 39             ; 57           ; 39             ; 317    ; 39              ; 39            ; 39              ; 0     ; 0              ; 0            ; 0                ; 0                 ;
; u0|timer_0_s1_translator_avalon_universal_slave_0_agent_rsp_fifo                                                                 ; 148   ; 39             ; 0            ; 39             ; 107    ; 39              ; 39            ; 39              ; 0     ; 0              ; 0            ; 0                ; 0                 ;
; u0|timer_0_s1_translator_avalon_universal_slave_0_agent|uncompressor                                                             ; 41    ; 1              ; 0            ; 1              ; 39     ; 1               ; 1             ; 1               ; 0     ; 0              ; 0            ; 0                ; 0                 ;
; u0|timer_0_s1_translator_avalon_universal_slave_0_agent                                                                          ; 308   ; 39             ; 57           ; 39             ; 317    ; 39              ; 39            ; 39              ; 0     ; 0              ; 0            ; 0                ; 0                 ;
; u0|uart_0_s1_translator_avalon_universal_slave_0_agent_rsp_fifo                                                                  ; 148   ; 39             ; 0            ; 39             ; 107    ; 39              ; 39            ; 39              ; 0     ; 0              ; 0            ; 0                ; 0                 ;
; u0|uart_0_s1_translator_avalon_universal_slave_0_agent|uncompressor                                                              ; 41    ; 1              ; 0            ; 1              ; 39     ; 1               ; 1             ; 1               ; 0     ; 0              ; 0            ; 0                ; 0                 ;
; u0|uart_0_s1_translator_avalon_universal_slave_0_agent                                                                           ; 308   ; 39             ; 57           ; 39             ; 317    ; 39              ; 39            ; 39              ; 0     ; 0              ; 0            ; 0                ; 0                 ;
; u0|jtag_uart_0_avalon_jtag_slave_translator_avalon_universal_slave_0_agent_rsp_fifo                                              ; 148   ; 39             ; 0            ; 39             ; 107    ; 39              ; 39            ; 39              ; 0     ; 0              ; 0            ; 0                ; 0                 ;
; u0|jtag_uart_0_avalon_jtag_slave_translator_avalon_universal_slave_0_agent|uncompressor                                          ; 41    ; 1              ; 0            ; 1              ; 39     ; 1               ; 1             ; 1               ; 0     ; 0              ; 0            ; 0                ; 0                 ;
; u0|jtag_uart_0_avalon_jtag_slave_translator_avalon_universal_slave_0_agent                                                       ; 308   ; 39             ; 57           ; 39             ; 317    ; 39              ; 39            ; 39              ; 0     ; 0              ; 0            ; 0                ; 0                 ;
; u0|sram_0_avalon_slave_0_translator_avalon_universal_slave_0_agent_rsp_fifo                                                      ; 130   ; 39             ; 0            ; 39             ; 89     ; 39              ; 39            ; 39              ; 0     ; 0              ; 0            ; 0                ; 0                 ;
; u0|sram_0_avalon_slave_0_translator_avalon_universal_slave_0_agent|uncompressor                                                  ; 41    ; 1              ; 0            ; 1              ; 39     ; 1               ; 1             ; 1               ; 0     ; 0              ; 0            ; 0                ; 0                 ;
; u0|sram_0_avalon_slave_0_translator_avalon_universal_slave_0_agent                                                               ; 240   ; 22             ; 41           ; 22             ; 246    ; 22              ; 22            ; 22              ; 0     ; 0              ; 0            ; 0                ; 0                 ;
; u0|sysid_qsys_0_control_slave_translator_avalon_universal_slave_0_agent_rsp_fifo                                                 ; 148   ; 39             ; 0            ; 39             ; 107    ; 39              ; 39            ; 39              ; 0     ; 0              ; 0            ; 0                ; 0                 ;
; u0|sysid_qsys_0_control_slave_translator_avalon_universal_slave_0_agent|uncompressor                                             ; 41    ; 1              ; 0            ; 1              ; 39     ; 1               ; 1             ; 1               ; 0     ; 0              ; 0            ; 0                ; 0                 ;
; u0|sysid_qsys_0_control_slave_translator_avalon_universal_slave_0_agent                                                          ; 308   ; 39             ; 57           ; 39             ; 317    ; 39              ; 39            ; 39              ; 0     ; 0              ; 0            ; 0                ; 0                 ;
; u0|cfi_flash_0_uas_translator_avalon_universal_slave_0_agent_rdata_fifo                                                          ; 55    ; 41             ; 0            ; 41             ; 12     ; 41              ; 41            ; 41              ; 0     ; 0              ; 0            ; 0                ; 0                 ;
; u0|cfi_flash_0_uas_translator_avalon_universal_slave_0_agent_rsp_fifo                                                            ; 121   ; 39             ; 0            ; 39             ; 80     ; 39              ; 39            ; 39              ; 0     ; 0              ; 0            ; 0                ; 0                 ;
; u0|cfi_flash_0_uas_translator_avalon_universal_slave_0_agent|uncompressor                                                        ; 41    ; 1              ; 0            ; 1              ; 39     ; 1               ; 1             ; 1               ; 0     ; 0              ; 0            ; 0                ; 0                 ;
; u0|cfi_flash_0_uas_translator_avalon_universal_slave_0_agent                                                                     ; 206   ; 13             ; 33           ; 13             ; 210    ; 13              ; 13            ; 13              ; 0     ; 0              ; 0            ; 0                ; 0                 ;
; u0|epcs_controller_epcs_control_port_translator_avalon_universal_slave_0_agent_rsp_fifo                                          ; 148   ; 39             ; 0            ; 39             ; 107    ; 39              ; 39            ; 39              ; 0     ; 0              ; 0            ; 0                ; 0                 ;
; u0|epcs_controller_epcs_control_port_translator_avalon_universal_slave_0_agent|uncompressor                                      ; 41    ; 1              ; 0            ; 1              ; 39     ; 1               ; 1             ; 1               ; 0     ; 0              ; 0            ; 0                ; 0                 ;
; u0|epcs_controller_epcs_control_port_translator_avalon_universal_slave_0_agent                                                   ; 308   ; 39             ; 57           ; 39             ; 317    ; 39              ; 39            ; 39              ; 0     ; 0              ; 0            ; 0                ; 0                 ;
; u0|sdram_0_s1_translator_avalon_universal_slave_0_agent_rdata_fifo                                                               ; 63    ; 41             ; 0            ; 41             ; 20     ; 41              ; 41            ; 41              ; 0     ; 0              ; 0            ; 0                ; 0                 ;
; u0|sdram_0_s1_translator_avalon_universal_slave_0_agent_rsp_fifo                                                                 ; 130   ; 39             ; 0            ; 39             ; 89     ; 39              ; 39            ; 39              ; 0     ; 0              ; 0            ; 0                ; 0                 ;
; u0|sdram_0_s1_translator_avalon_universal_slave_0_agent|uncompressor                                                             ; 41    ; 1              ; 0            ; 1              ; 39     ; 1               ; 1             ; 1               ; 0     ; 0              ; 0            ; 0                ; 0                 ;
; u0|sdram_0_s1_translator_avalon_universal_slave_0_agent                                                                          ; 240   ; 22             ; 41           ; 22             ; 246    ; 22              ; 22            ; 22              ; 0     ; 0              ; 0            ; 0                ; 0                 ;
; u0|cpu_0_jtag_debug_module_translator_avalon_universal_slave_0_agent_rsp_fifo                                                    ; 148   ; 39             ; 0            ; 39             ; 107    ; 39              ; 39            ; 39              ; 0     ; 0              ; 0            ; 0                ; 0                 ;
; u0|cpu_0_jtag_debug_module_translator_avalon_universal_slave_0_agent|uncompressor                                                ; 41    ; 1              ; 0            ; 1              ; 39     ; 1               ; 1             ; 1               ; 0     ; 0              ; 0            ; 0                ; 0                 ;
; u0|cpu_0_jtag_debug_module_translator_avalon_universal_slave_0_agent                                                             ; 308   ; 39             ; 57           ; 39             ; 317    ; 39              ; 39            ; 39              ; 0     ; 0              ; 0            ; 0                ; 0                 ;
; u0|cpu_0_data_master_translator_avalon_universal_master_0_agent                                                                  ; 197   ; 39             ; 93           ; 39             ; 140    ; 39              ; 39            ; 39              ; 0     ; 0              ; 0            ; 0                ; 0                 ;
; u0|cpu_0_instruction_master_translator_avalon_universal_master_0_agent                                                           ; 197   ; 39             ; 93           ; 39             ; 140    ; 39              ; 39            ; 39              ; 0     ; 0              ; 0            ; 0                ; 0                 ;
; u0|cnc_module_0_avalon_slave_0_translator                                                                                        ; 109   ; 7              ; 19           ; 7              ; 75     ; 7               ; 7             ; 7               ; 0     ; 0              ; 0            ; 0                ; 0                 ;
; u0|seg7_display_avalon_slave_0_translator                                                                                        ; 109   ; 39             ; 27           ; 39             ; 67     ; 39              ; 39            ; 39              ; 0     ; 0              ; 0            ; 0                ; 0                 ;
; u0|dm9000a_avalon_slave_0_translator                                                                                             ; 93    ; 23             ; 43           ; 23             ; 54     ; 23              ; 23            ; 23              ; 0     ; 0              ; 0            ; 0                ; 0                 ;
; u0|isp1362_dc_translator                                                                                                         ; 93    ; 23             ; 43           ; 23             ; 54     ; 23              ; 23            ; 23              ; 0     ; 0              ; 0            ; 0                ; 0                 ;
; u0|isp1362_hc_translator                                                                                                         ; 93    ; 23             ; 43           ; 23             ; 54     ; 23              ; 23            ; 23              ; 0     ; 0              ; 0            ; 0                ; 0                 ;
; u0|switch_pio_s1_translator                                                                                                      ; 109   ; 7              ; 26           ; 7              ; 36     ; 7               ; 7             ; 7               ; 0     ; 0              ; 0            ; 0                ; 0                 ;
; u0|button_pio_s1_translator                                                                                                      ; 109   ; 7              ; 26           ; 7              ; 70     ; 7               ; 7             ; 7               ; 0     ; 0              ; 0            ; 0                ; 0                 ;
; u0|led_green_s1_translator                                                                                                       ; 109   ; 7              ; 26           ; 7              ; 70     ; 7               ; 7             ; 7               ; 0     ; 0              ; 0            ; 0                ; 0                 ;
; u0|led_red_s1_translator                                                                                                         ; 109   ; 7              ; 26           ; 7              ; 70     ; 7               ; 7             ; 7               ; 0     ; 0              ; 0            ; 0                ; 0                 ;
; u0|lcd_16207_0_control_slave_translator                                                                                          ; 85    ; 31             ; 50           ; 31             ; 47     ; 31              ; 31            ; 31              ; 0     ; 0              ; 0            ; 0                ; 0                 ;
; u0|timer_1_s1_translator                                                                                                         ; 93    ; 23             ; 41           ; 23             ; 55     ; 23              ; 23            ; 23              ; 0     ; 0              ; 0            ; 0                ; 0                 ;
; u0|timer_0_s1_translator                                                                                                         ; 93    ; 23             ; 41           ; 23             ; 55     ; 23              ; 23            ; 23              ; 0     ; 0              ; 0            ; 0                ; 0                 ;
; u0|uart_0_s1_translator                                                                                                          ; 93    ; 23             ; 41           ; 23             ; 57     ; 23              ; 23            ; 23              ; 0     ; 0              ; 0            ; 0                ; 0                 ;
; u0|jtag_uart_0_avalon_jtag_slave_translator                                                                                      ; 109   ; 6              ; 27           ; 6              ; 70     ; 6               ; 6             ; 6               ; 0     ; 0              ; 0            ; 0                ; 0                 ;
; u0|sram_0_avalon_slave_0_translator                                                                                              ; 74    ; 7              ; 7            ; 7              ; 57     ; 7               ; 7             ; 7               ; 0     ; 0              ; 0            ; 0                ; 0                 ;
; u0|sysid_qsys_0_control_slave_translator                                                                                         ; 109   ; 7              ; 24           ; 7              ; 35     ; 7               ; 7             ; 7               ; 0     ; 0              ; 0            ; 0                ; 0                 ;
; u0|cfi_flash_0_uas_translator                                                                                                    ; 56    ; 5              ; 3            ; 5              ; 46     ; 5               ; 5             ; 5               ; 0     ; 0              ; 0            ; 0                ; 0                 ;
; u0|epcs_controller_epcs_control_port_translator                                                                                  ; 109   ; 7              ; 16           ; 7              ; 78     ; 7               ; 7             ; 7               ; 0     ; 0              ; 0            ; 0                ; 0                 ;
; u0|sdram_0_s1_translator                                                                                                         ; 74    ; 5              ; 3            ; 5              ; 61     ; 5               ; 5             ; 5               ; 0     ; 0              ; 0            ; 0                ; 0                 ;
; u0|cpu_0_jtag_debug_module_translator                                                                                            ; 109   ; 6              ; 16           ; 6              ; 82     ; 6               ; 6             ; 6               ; 0     ; 0              ; 0            ; 0                ; 0                 ;
; u0|cpu_0_data_master_translator                                                                                                  ; 110   ; 13             ; 0            ; 13             ; 101    ; 13              ; 13            ; 13              ; 0     ; 0              ; 0            ; 0                ; 0                 ;
; u0|cpu_0_instruction_master_translator                                                                                           ; 110   ; 52             ; 0            ; 52             ; 101    ; 52              ; 52            ; 52              ; 0     ; 0              ; 0            ; 0                ; 0                 ;
; u0|cnc_module_0|cp1                                                                                                              ; 66    ; 64             ; 0            ; 64             ; 1      ; 64              ; 64            ; 64              ; 0     ; 0              ; 0            ; 0                ; 0                 ;
; u0|cnc_module_0|pwm1                                                                                                             ; 66    ; 0              ; 0            ; 0              ; 1      ; 0               ; 0             ; 0               ; 0     ; 0              ; 0            ; 0                ; 0                 ;
; u0|cnc_module_0|sg4                                                                                                              ; 36    ; 0              ; 0            ; 0              ; 34     ; 0               ; 0             ; 0               ; 0     ; 0              ; 0            ; 0                ; 0                 ;
; u0|cnc_module_0|sg3                                                                                                              ; 36    ; 0              ; 0            ; 0              ; 34     ; 0               ; 0             ; 0               ; 0     ; 0              ; 0            ; 0                ; 0                 ;
; u0|cnc_module_0|sg2                                                                                                              ; 36    ; 0              ; 0            ; 0              ; 34     ; 0               ; 0             ; 0               ; 0     ; 0              ; 0            ; 0                ; 0                 ;
; u0|cnc_module_0|sg1                                                                                                              ; 36    ; 0              ; 0            ; 0              ; 34     ; 0               ; 0             ; 0               ; 0     ; 0              ; 0            ; 0                ; 0                 ;
; u0|cnc_module_0|sg0                                                                                                              ; 36    ; 0              ; 0            ; 0              ; 34     ; 0               ; 0             ; 0               ; 0     ; 0              ; 0            ; 0                ; 0                 ;
; u0|cnc_module_0                                                                                                                  ; 75    ; 0              ; 0            ; 0              ; 76     ; 0               ; 0             ; 0               ; 0     ; 0              ; 0            ; 0                ; 0                 ;
; u0|sram_0                                                                                                                        ; 41    ; 0              ; 2            ; 0              ; 39     ; 0               ; 0             ; 0               ; 16    ; 0              ; 0            ; 0                ; 0                 ;
; u0|seg7_display|u7                                                                                                               ; 4     ; 0              ; 0            ; 0              ; 7      ; 0               ; 0             ; 0               ; 0     ; 0              ; 0            ; 0                ; 0                 ;
; u0|seg7_display|u6                                                                                                               ; 4     ; 0              ; 0            ; 0              ; 7      ; 0               ; 0             ; 0               ; 0     ; 0              ; 0            ; 0                ; 0                 ;
; u0|seg7_display|u5                                                                                                               ; 4     ; 0              ; 0            ; 0              ; 7      ; 0               ; 0             ; 0               ; 0     ; 0              ; 0            ; 0                ; 0                 ;
; u0|seg7_display|u4                                                                                                               ; 4     ; 0              ; 0            ; 0              ; 7      ; 0               ; 0             ; 0               ; 0     ; 0              ; 0            ; 0                ; 0                 ;
; u0|seg7_display|u3                                                                                                               ; 4     ; 0              ; 0            ; 0              ; 7      ; 0               ; 0             ; 0               ; 0     ; 0              ; 0            ; 0                ; 0                 ;
; u0|seg7_display|u2                                                                                                               ; 4     ; 0              ; 0            ; 0              ; 7      ; 0               ; 0             ; 0               ; 0     ; 0              ; 0            ; 0                ; 0                 ;
; u0|seg7_display|u1                                                                                                               ; 4     ; 0              ; 0            ; 0              ; 7      ; 0               ; 0             ; 0               ; 0     ; 0              ; 0            ; 0                ; 0                 ;
; u0|seg7_display|u0                                                                                                               ; 4     ; 0              ; 0            ; 0              ; 7      ; 0               ; 0             ; 0               ; 0     ; 0              ; 0            ; 0                ; 0                 ;
; u0|seg7_display                                                                                                                  ; 35    ; 0              ; 0            ; 0              ; 56     ; 0               ; 0             ; 0               ; 0     ; 0              ; 0            ; 0                ; 0                 ;
; u0|dm9000a                                                                                                                       ; 24    ; 0              ; 0            ; 0              ; 23     ; 0               ; 0             ; 0               ; 16    ; 0              ; 0            ; 0                ; 0                 ;
; u0|sysid_qsys_0                                                                                                                  ; 3     ; 15             ; 2            ; 15             ; 32     ; 15              ; 15            ; 15              ; 0     ; 0              ; 0            ; 0                ; 0                 ;
; u0|cfi_flash_0|tda                                                                                                               ; 57    ; 11             ; 1            ; 11             ; 44     ; 11              ; 11            ; 11              ; 0     ; 0              ; 0            ; 0                ; 0                 ;
; u0|cfi_flash_0|slave_translator                                                                                                  ; 53    ; 7              ; 0            ; 7              ; 43     ; 7               ; 7             ; 7               ; 0     ; 0              ; 0            ; 0                ; 0                 ;
; u0|cfi_flash_0|tdt                                                                                                               ; 49    ; 1              ; 1            ; 1              ; 48     ; 1               ; 1             ; 1               ; 0     ; 0              ; 0            ; 0                ; 0                 ;
; u0|cfi_flash_0                                                                                                                   ; 47    ; 0              ; 0            ; 0              ; 45     ; 0               ; 0             ; 0               ; 0     ; 0              ; 0            ; 0                ; 0                 ;
; u0|tri_state_bridge_0_pinsharer_0|arbiter|arb|adder                                                                              ; 4     ; 2              ; 0            ; 2              ; 2      ; 2               ; 2             ; 2               ; 0     ; 0              ; 0            ; 0                ; 0                 ;
; u0|tri_state_bridge_0_pinsharer_0|arbiter|arb                                                                                    ; 4     ; 0              ; 3            ; 0              ; 1      ; 0               ; 0             ; 0               ; 0     ; 0              ; 0            ; 0                ; 0                 ;
; u0|tri_state_bridge_0_pinsharer_0|arbiter                                                                                        ; 4     ; 0              ; 0            ; 0              ; 1      ; 0               ; 0             ; 0               ; 0     ; 0              ; 0            ; 0                ; 0                 ;
; u0|tri_state_bridge_0_pinsharer_0|pin_sharer                                                                                     ; 47    ; 0              ; 0            ; 0              ; 46     ; 0               ; 0             ; 0               ; 0     ; 0              ; 0            ; 0                ; 0                 ;
; u0|tri_state_bridge_0_pinsharer_0                                                                                                ; 46    ; 0              ; 0            ; 0              ; 44     ; 0               ; 0             ; 0               ; 0     ; 0              ; 0            ; 0                ; 0                 ;
; u0|tri_state_bridge_0_bridge_0                                                                                                   ; 37    ; 0              ; 0            ; 0              ; 34     ; 0               ; 0             ; 0               ; 8     ; 0              ; 0            ; 0                ; 0                 ;
; u0|cpu_0|the_system_0_cpu_0_nios2_oci|the_system_0_cpu_0_jtag_debug_module_wrapper|the_system_0_cpu_0_jtag_debug_module_sysclk   ; 43    ; 0              ; 0            ; 0              ; 51     ; 0               ; 0             ; 0               ; 0     ; 0              ; 0            ; 0                ; 0                 ;
; u0|cpu_0|the_system_0_cpu_0_nios2_oci|the_system_0_cpu_0_jtag_debug_module_wrapper|the_system_0_cpu_0_jtag_debug_module_tck      ; 130   ; 0              ; 1            ; 0              ; 43     ; 0               ; 0             ; 0               ; 0     ; 0              ; 0            ; 0                ; 0                 ;
; u0|cpu_0|the_system_0_cpu_0_nios2_oci|the_system_0_cpu_0_jtag_debug_module_wrapper                                               ; 123   ; 0              ; 0            ; 0              ; 53     ; 0               ; 0             ; 0               ; 0     ; 0              ; 0            ; 0                ; 0                 ;
; u0|cpu_0|the_system_0_cpu_0_nios2_oci|the_system_0_cpu_0_nios2_oci_im                                                            ; 97    ; 36             ; 93           ; 36             ; 48     ; 36              ; 36            ; 36              ; 0     ; 0              ; 0            ; 0                ; 0                 ;
; u0|cpu_0|the_system_0_cpu_0_nios2_oci|the_system_0_cpu_0_nios2_oci_pib                                                           ; 39    ; 20             ; 38           ; 20             ; 19     ; 20              ; 20            ; 20              ; 0     ; 0              ; 0            ; 0                ; 0                 ;
; u0|cpu_0|the_system_0_cpu_0_nios2_oci|the_system_0_cpu_0_nios2_oci_fifo|the_system_0_cpu_0_oci_test_bench                        ; 36    ; 0              ; 36           ; 0              ; 0      ; 0               ; 0             ; 0               ; 0     ; 0              ; 0            ; 0                ; 0                 ;
; u0|cpu_0|the_system_0_cpu_0_nios2_oci|the_system_0_cpu_0_nios2_oci_fifo|system_0_cpu_0_nios2_oci_fifocount_inc_fifocount         ; 5     ; 0              ; 0            ; 0              ; 5      ; 0               ; 0             ; 0               ; 0     ; 0              ; 0            ; 0                ; 0                 ;
; u0|cpu_0|the_system_0_cpu_0_nios2_oci|the_system_0_cpu_0_nios2_oci_fifo|system_0_cpu_0_nios2_oci_fifowp_inc_fifowp               ; 4     ; 2              ; 0            ; 2              ; 4      ; 2               ; 2             ; 2               ; 0     ; 0              ; 0            ; 0                ; 0                 ;
; u0|cpu_0|the_system_0_cpu_0_nios2_oci|the_system_0_cpu_0_nios2_oci_fifo|system_0_cpu_0_nios2_oci_compute_tm_count_tm_count       ; 3     ; 0              ; 0            ; 0              ; 2      ; 0               ; 0             ; 0               ; 0     ; 0              ; 0            ; 0                ; 0                 ;
; u0|cpu_0|the_system_0_cpu_0_nios2_oci|the_system_0_cpu_0_nios2_oci_fifo                                                          ; 151   ; 0              ; 65           ; 0              ; 36     ; 0               ; 0             ; 0               ; 0     ; 0              ; 0            ; 0                ; 0                 ;
; u0|cpu_0|the_system_0_cpu_0_nios2_oci|the_system_0_cpu_0_nios2_oci_dtrace|system_0_cpu_0_nios2_oci_trc_ctrl_td_mode              ; 9     ; 0              ; 6            ; 0              ; 4      ; 0               ; 0             ; 0               ; 0     ; 0              ; 0            ; 0                ; 0                 ;
; u0|cpu_0|the_system_0_cpu_0_nios2_oci|the_system_0_cpu_0_nios2_oci_dtrace                                                        ; 110   ; 0              ; 99           ; 0              ; 72     ; 0               ; 0             ; 0               ; 0     ; 0              ; 0            ; 0                ; 0                 ;
; u0|cpu_0|the_system_0_cpu_0_nios2_oci|the_system_0_cpu_0_nios2_oci_itrace                                                        ; 25    ; 17             ; 23           ; 17             ; 87     ; 17              ; 17            ; 17              ; 0     ; 0              ; 0            ; 0                ; 0                 ;
; u0|cpu_0|the_system_0_cpu_0_nios2_oci|the_system_0_cpu_0_nios2_oci_dbrk                                                          ; 95    ; 0              ; 0            ; 0              ; 99     ; 0               ; 0             ; 0               ; 0     ; 0              ; 0            ; 0                ; 0                 ;
; u0|cpu_0|the_system_0_cpu_0_nios2_oci|the_system_0_cpu_0_nios2_oci_xbrk                                                          ; 61    ; 5              ; 58           ; 5              ; 6      ; 5               ; 5             ; 5               ; 0     ; 0              ; 0            ; 0                ; 0                 ;
; u0|cpu_0|the_system_0_cpu_0_nios2_oci|the_system_0_cpu_0_nios2_oci_break                                                         ; 52    ; 36             ; 6            ; 36             ; 71     ; 36              ; 36            ; 36              ; 0     ; 0              ; 0            ; 0                ; 0                 ;
; u0|cpu_0|the_system_0_cpu_0_nios2_oci|the_system_0_cpu_0_nios2_avalon_reg                                                        ; 48    ; 0              ; 23           ; 0              ; 68     ; 0               ; 0             ; 0               ; 0     ; 0              ; 0            ; 0                ; 0                 ;
; u0|cpu_0|the_system_0_cpu_0_nios2_oci|the_system_0_cpu_0_nios2_ocimem|system_0_cpu_0_ociram_sp_ram|the_altsyncram|auto_generated ; 46    ; 0              ; 0            ; 0              ; 32     ; 0               ; 0             ; 0               ; 0     ; 0              ; 0            ; 0                ; 0                 ;
; u0|cpu_0|the_system_0_cpu_0_nios2_oci|the_system_0_cpu_0_nios2_ocimem|system_0_cpu_0_ociram_sp_ram                               ; 46    ; 0              ; 0            ; 0              ; 32     ; 0               ; 0             ; 0               ; 0     ; 0              ; 0            ; 0                ; 0                 ;
; u0|cpu_0|the_system_0_cpu_0_nios2_oci|the_system_0_cpu_0_nios2_ocimem                                                            ; 91    ; 0              ; 6            ; 0              ; 65     ; 0               ; 0             ; 0               ; 0     ; 0              ; 0            ; 0                ; 0                 ;
; u0|cpu_0|the_system_0_cpu_0_nios2_oci|the_system_0_cpu_0_nios2_oci_debug                                                         ; 50    ; 1              ; 30           ; 1              ; 7      ; 1               ; 1             ; 1               ; 0     ; 0              ; 0            ; 0                ; 0                 ;
; u0|cpu_0|the_system_0_cpu_0_nios2_oci                                                                                            ; 171   ; 0              ; 0            ; 0              ; 69     ; 0               ; 0             ; 0               ; 0     ; 0              ; 0            ; 0                ; 0                 ;
; u0|cpu_0|system_0_cpu_0_register_bank_b|the_altsyncram|auto_generated                                                            ; 44    ; 0              ; 0            ; 0              ; 32     ; 0               ; 0             ; 0               ; 0     ; 0              ; 0            ; 0                ; 0                 ;
; u0|cpu_0|system_0_cpu_0_register_bank_b                                                                                          ; 44    ; 0              ; 0            ; 0              ; 32     ; 0               ; 0             ; 0               ; 0     ; 0              ; 0            ; 0                ; 0                 ;
; u0|cpu_0|system_0_cpu_0_register_bank_a|the_altsyncram|auto_generated                                                            ; 44    ; 0              ; 0            ; 0              ; 32     ; 0               ; 0             ; 0               ; 0     ; 0              ; 0            ; 0                ; 0                 ;
; u0|cpu_0|system_0_cpu_0_register_bank_a                                                                                          ; 44    ; 0              ; 0            ; 0              ; 32     ; 0               ; 0             ; 0               ; 0     ; 0              ; 0            ; 0                ; 0                 ;
; u0|cpu_0|the_system_0_cpu_0_test_bench                                                                                           ; 293   ; 3              ; 256          ; 3              ; 34     ; 3               ; 3             ; 3               ; 0     ; 0              ; 0            ; 0                ; 0                 ;
; u0|cpu_0                                                                                                                         ; 148   ; 0              ; 23           ; 0              ; 124    ; 0               ; 0             ; 0               ; 0     ; 0              ; 0            ; 0                ; 0                 ;
; u0|isp1362                                                                                                                       ; 46    ; 0              ; 2            ; 0              ; 40     ; 0               ; 0             ; 0               ; 16    ; 0              ; 0            ; 0                ; 0                 ;
; u0|switch_pio                                                                                                                    ; 22    ; 0              ; 0            ; 0              ; 32     ; 0               ; 0             ; 0               ; 0     ; 0              ; 0            ; 0                ; 0                 ;
; u0|button_pio                                                                                                                    ; 42    ; 0              ; 28           ; 0              ; 33     ; 0               ; 0             ; 0               ; 0     ; 0              ; 0            ; 0                ; 0                 ;
; u0|led_green                                                                                                                     ; 38    ; 23             ; 23           ; 23             ; 41     ; 23              ; 23            ; 23              ; 0     ; 0              ; 0            ; 0                ; 0                 ;
; u0|led_red                                                                                                                       ; 38    ; 14             ; 14           ; 14             ; 50     ; 14              ; 14            ; 14              ; 0     ; 0              ; 0            ; 0                ; 0                 ;
; u0|lcd_16207_0                                                                                                                   ; 15    ; 0              ; 3            ; 0              ; 11     ; 0               ; 0             ; 0               ; 8     ; 0              ; 0            ; 0                ; 0                 ;
; u0|timer_1                                                                                                                       ; 23    ; 0              ; 0            ; 0              ; 17     ; 0               ; 0             ; 0               ; 0     ; 0              ; 0            ; 0                ; 0                 ;
; u0|timer_0                                                                                                                       ; 23    ; 0              ; 0            ; 0              ; 17     ; 0               ; 0             ; 0               ; 0     ; 0              ; 0            ; 0                ; 0                 ;
; u0|uart_0|the_system_0_uart_0_regs                                                                                               ; 41    ; 13             ; 6            ; 13             ; 44     ; 13              ; 13            ; 13              ; 0     ; 0              ; 0            ; 0                ; 0                 ;
; u0|uart_0|the_system_0_uart_0_rx|the_system_0_uart_0_rx_stimulus_source                                                          ; 18    ; 0              ; 17           ; 0              ; 1      ; 0               ; 0             ; 0               ; 0     ; 0              ; 0            ; 0                ; 0                 ;
; u0|uart_0|the_system_0_uart_0_rx                                                                                                 ; 20    ; 1              ; 0            ; 1              ; 13     ; 1               ; 1             ; 1               ; 0     ; 0              ; 0            ; 0                ; 0                 ;
; u0|uart_0|the_system_0_uart_0_tx                                                                                                 ; 28    ; 0              ; 0            ; 0              ; 4      ; 0               ; 0             ; 0               ; 0     ; 0              ; 0            ; 0                ; 0                 ;
; u0|uart_0                                                                                                                        ; 26    ; 0              ; 0            ; 0              ; 18     ; 0               ; 0             ; 0               ; 0     ; 0              ; 0            ; 0                ; 0                 ;
; u0|jtag_uart_0|the_system_0_jtag_uart_0_scfifo_r|rfifo|auto_generated|dpfifo|wr_ptr                                              ; 4     ; 0              ; 0            ; 0              ; 6      ; 0               ; 0             ; 0               ; 0     ; 0              ; 0            ; 0                ; 0                 ;
; u0|jtag_uart_0|the_system_0_jtag_uart_0_scfifo_r|rfifo|auto_generated|dpfifo|rd_ptr_count                                        ; 4     ; 0              ; 0            ; 0              ; 6      ; 0               ; 0             ; 0               ; 0     ; 0              ; 0            ; 0                ; 0                 ;
; u0|jtag_uart_0|the_system_0_jtag_uart_0_scfifo_r|rfifo|auto_generated|dpfifo|FIFOram|altsyncram2                                 ; 24    ; 0              ; 0            ; 0              ; 8      ; 0               ; 0             ; 0               ; 0     ; 0              ; 0            ; 0                ; 0                 ;
; u0|jtag_uart_0|the_system_0_jtag_uart_0_scfifo_r|rfifo|auto_generated|dpfifo|FIFOram                                             ; 24    ; 0              ; 0            ; 0              ; 8      ; 0               ; 0             ; 0               ; 0     ; 0              ; 0            ; 0                ; 0                 ;
; u0|jtag_uart_0|the_system_0_jtag_uart_0_scfifo_r|rfifo|auto_generated|dpfifo|fifo_state|count_usedw                              ; 5     ; 0              ; 0            ; 0              ; 6      ; 0               ; 0             ; 0               ; 0     ; 0              ; 0            ; 0                ; 0                 ;
; u0|jtag_uart_0|the_system_0_jtag_uart_0_scfifo_r|rfifo|auto_generated|dpfifo|fifo_state                                          ; 5     ; 0              ; 0            ; 0              ; 8      ; 0               ; 0             ; 0               ; 0     ; 0              ; 0            ; 0                ; 0                 ;
; u0|jtag_uart_0|the_system_0_jtag_uart_0_scfifo_r|rfifo|auto_generated|dpfifo                                                     ; 13    ; 0              ; 0            ; 0              ; 16     ; 0               ; 0             ; 0               ; 0     ; 0              ; 0            ; 0                ; 0                 ;
; u0|jtag_uart_0|the_system_0_jtag_uart_0_scfifo_r|rfifo|auto_generated                                                            ; 12    ; 0              ; 0            ; 0              ; 16     ; 0               ; 0             ; 0               ; 0     ; 0              ; 0            ; 0                ; 0                 ;
; u0|jtag_uart_0|the_system_0_jtag_uart_0_scfifo_r                                                                                 ; 13    ; 0              ; 1            ; 0              ; 16     ; 0               ; 0             ; 0               ; 0     ; 0              ; 0            ; 0                ; 0                 ;
; u0|jtag_uart_0|the_system_0_jtag_uart_0_scfifo_w|wfifo|auto_generated|dpfifo|wr_ptr                                              ; 4     ; 0              ; 0            ; 0              ; 6      ; 0               ; 0             ; 0               ; 0     ; 0              ; 0            ; 0                ; 0                 ;
; u0|jtag_uart_0|the_system_0_jtag_uart_0_scfifo_w|wfifo|auto_generated|dpfifo|rd_ptr_count                                        ; 4     ; 0              ; 0            ; 0              ; 6      ; 0               ; 0             ; 0               ; 0     ; 0              ; 0            ; 0                ; 0                 ;
; u0|jtag_uart_0|the_system_0_jtag_uart_0_scfifo_w|wfifo|auto_generated|dpfifo|FIFOram|altsyncram2                                 ; 24    ; 0              ; 0            ; 0              ; 8      ; 0               ; 0             ; 0               ; 0     ; 0              ; 0            ; 0                ; 0                 ;
; u0|jtag_uart_0|the_system_0_jtag_uart_0_scfifo_w|wfifo|auto_generated|dpfifo|FIFOram                                             ; 24    ; 0              ; 0            ; 0              ; 8      ; 0               ; 0             ; 0               ; 0     ; 0              ; 0            ; 0                ; 0                 ;
; u0|jtag_uart_0|the_system_0_jtag_uart_0_scfifo_w|wfifo|auto_generated|dpfifo|fifo_state|count_usedw                              ; 5     ; 0              ; 0            ; 0              ; 6      ; 0               ; 0             ; 0               ; 0     ; 0              ; 0            ; 0                ; 0                 ;
; u0|jtag_uart_0|the_system_0_jtag_uart_0_scfifo_w|wfifo|auto_generated|dpfifo|fifo_state                                          ; 5     ; 0              ; 0            ; 0              ; 8      ; 0               ; 0             ; 0               ; 0     ; 0              ; 0            ; 0                ; 0                 ;
; u0|jtag_uart_0|the_system_0_jtag_uart_0_scfifo_w|wfifo|auto_generated|dpfifo                                                     ; 13    ; 0              ; 0            ; 0              ; 16     ; 0               ; 0             ; 0               ; 0     ; 0              ; 0            ; 0                ; 0                 ;
; u0|jtag_uart_0|the_system_0_jtag_uart_0_scfifo_w|wfifo|auto_generated                                                            ; 12    ; 0              ; 0            ; 0              ; 16     ; 0               ; 0             ; 0               ; 0     ; 0              ; 0            ; 0                ; 0                 ;
; u0|jtag_uart_0|the_system_0_jtag_uart_0_scfifo_w                                                                                 ; 12    ; 0              ; 0            ; 0              ; 16     ; 0               ; 0             ; 0               ; 0     ; 0              ; 0            ; 0                ; 0                 ;
; u0|jtag_uart_0                                                                                                                   ; 38    ; 10             ; 23           ; 10             ; 34     ; 10              ; 10            ; 10              ; 0     ; 0              ; 0            ; 0                ; 0                 ;
; u0|epcs_controller|the_boot_copier_rom|auto_generated                                                                            ; 8     ; 0              ; 0            ; 0              ; 32     ; 0               ; 0             ; 0               ; 0     ; 0              ; 0            ; 0                ; 0                 ;
; u0|epcs_controller|the_tornado_system_0_epcs_controller_atom                                                                     ; 4     ; 1              ; 0            ; 1              ; 1      ; 1               ; 1             ; 1               ; 0     ; 0              ; 0            ; 0                ; 0                 ;
; u0|epcs_controller|the_system_0_epcs_controller_sub                                                                              ; 25    ; 0              ; 0            ; 0              ; 23     ; 0               ; 0             ; 0               ; 0     ; 0              ; 0            ; 0                ; 0                 ;
; u0|epcs_controller                                                                                                               ; 46    ; 0              ; 17           ; 0              ; 33     ; 0               ; 0             ; 0               ; 0     ; 0              ; 0            ; 0                ; 0                 ;
; u0|sdram_0|the_system_0_sdram_0_input_efifo_module                                                                               ; 45    ; 0              ; 0            ; 0              ; 45     ; 0               ; 0             ; 0               ; 0     ; 0              ; 0            ; 0                ; 0                 ;
; u0|sdram_0                                                                                                                       ; 45    ; 1              ; 1            ; 1              ; 39     ; 1               ; 1             ; 1               ; 16    ; 0              ; 0            ; 0                ; 0                 ;
; u0                                                                                                                               ; 61    ; 16             ; 0            ; 16             ; 212    ; 16              ; 16            ; 16              ; 80    ; 0              ; 0            ; 0                ; 0                 ;
; PLL1                                                                                                                             ; 1     ; 0              ; 0            ; 0              ; 3      ; 0               ; 0             ; 0               ; 0     ; 0              ; 0            ; 0                ; 0                 ;
; delay1                                                                                                                           ; 2     ; 0              ; 0            ; 0              ; 1      ; 0               ; 0             ; 0               ; 0     ; 0              ; 0            ; 0                ; 0                 ;
+----------------------------------------------------------------------------------------------------------------------------------+-------+----------------+--------------+----------------+--------+-----------------+---------------+-----------------+-------+----------------+--------------+------------------+-------------------+
